1.054423608728056044e-01
1.150821425510238222e-01
1.300760311517089873e-01
1.552313513086520935e-01
1.890411153405180678e-01
2.214995813093966204e-01
2.461804682112412046e-01
2.627415497976919867e-01
2.729198614373476439e-01
2.786290707751621354e-01
2.816169276730951521e-01
2.831310518698527678e-01
2.838228442209201341e-01
2.839385482563615559e-01
2.835551775633969318e-01
2.827951930523570079e-01
2.816356367320030918e-01
2.801334697273692997e-01
2.783687287772906305e-01
2.765245512423424867e-01
