9.785883426666259766e-01 9.818249940872192383e-01 9.812025427818298340e-01 9.797087311744689941e-01 9.759740829467773438e-01 9.701232314109802246e-01 9.665131568908691406e-01 8.492468595504760742e-01 9.559317827224731445e-01 9.340221881866455078e-01 9.484626054763793945e-01 9.505788683891296387e-01 9.418647885322570801e-01 8.895804882049560547e-01 9.428607225418090820e-01 9.361384510993957520e-01 9.345201253890991211e-01 9.214490056037902832e-01
9.785883426666259766e-01 9.818249940872192383e-01 9.812025427818298340e-01 9.797087311744689941e-01 9.759740829467773438e-01 9.701232314109802246e-01 9.665131568908691406e-01 8.492468595504760742e-01 9.559317827224731445e-01 9.340221881866455078e-01 9.484626054763793945e-01 9.505788683891296387e-01 9.418647885322570801e-01 8.895804882049560547e-01 9.428607225418090820e-01 9.361384510993957520e-01 9.345201253890991211e-01 9.214490056037902832e-01
9.785883426666259766e-01 9.818249940872192383e-01 9.812025427818298340e-01 9.797087311744689941e-01 9.759740829467773438e-01 9.701232314109802246e-01 9.665131568908691406e-01 8.492468595504760742e-01 9.559317827224731445e-01 9.340221881866455078e-01 9.484626054763793945e-01 9.505788683891296387e-01 9.418647885322570801e-01 8.895804882049560547e-01 9.428607225418090820e-01 9.361384510993957520e-01 9.345201253890991211e-01 9.214490056037902832e-01
9.785883426666259766e-01 9.818249940872192383e-01 9.812025427818298340e-01 9.797087311744689941e-01 9.759740829467773438e-01 9.701232314109802246e-01 9.665131568908691406e-01 8.492468595504760742e-01 9.559317827224731445e-01 9.340221881866455078e-01 9.484626054763793945e-01 9.505788683891296387e-01 9.418647885322570801e-01 8.895804882049560547e-01 9.428607225418090820e-01 9.361384510993957520e-01 9.345201253890991211e-01 9.214490056037902832e-01
9.787127971649169922e-01 9.817004799842834473e-01 9.810780286788940430e-01 9.797087311744689941e-01 9.759740829467773438e-01 9.701232314109802246e-01 9.666376113891601562e-01 8.492468595504760742e-01 9.559317827224731445e-01 9.340221881866455078e-01 9.484626054763793945e-01 9.502053856849670410e-01 9.422382712364196777e-01 8.893315196037292480e-01 9.428607225418090820e-01 9.363874197006225586e-01 9.345201253890991211e-01 9.215735197067260742e-01
9.788373112678527832e-01 9.818249940872192383e-01 9.812025427818298340e-01 9.797087311744689941e-01 9.758496284484863281e-01 9.696252942085266113e-01 9.665131568908691406e-01 8.486244082450866699e-01 9.560562968254089355e-01 9.338976740837097168e-01 9.483380913734436035e-01 9.499564170837402344e-01 9.417403340339660645e-01 8.893315196037292480e-01 9.429851770401000977e-01 9.368853569030761719e-01 9.351425170898437500e-01 9.214490056037902832e-01
9.794597029685974121e-01 9.815760254859924316e-01 9.812025427818298340e-01 9.789617657661437988e-01 9.758496284484863281e-01 9.698742628097534180e-01 9.670110940933227539e-01 8.473795652389526367e-01 9.548113942146301270e-01 9.341466426849365234e-01 9.479646682739257812e-01 9.497074484825134277e-01 9.426117539405822754e-01 8.890825510025024414e-01 9.423627257347106934e-01 9.371343255043029785e-01 9.352670311927795410e-01 9.213245511054992676e-01
9.787127971649169922e-01 9.813269972801208496e-01 9.808290600776672363e-01 9.788373112678527832e-01 9.762230515480041504e-01 9.693763256072998047e-01 9.663886427879333496e-01 8.455122709274291992e-01 9.556828141212463379e-01 9.330262541770935059e-01 9.478401541709899902e-01 9.480891227722167969e-01 9.423627257347106934e-01 8.874642252922058105e-01 9.431096911430358887e-01 9.368853569030761719e-01 9.345201253890991211e-01 9.225693941116333008e-01
9.802066683769226074e-01 9.812025427818298340e-01 9.809535741806030273e-01 9.789617657661437988e-01 9.754761457443237305e-01 9.697498083114624023e-01 9.652682542800903320e-01 8.431470394134521484e-01 9.541889429092407227e-01 9.331507682800292969e-01 9.465953111648559570e-01 9.480891227722167969e-01 9.414913654327392578e-01 8.855969309806823730e-01 9.423627257347106934e-01 9.357649683952331543e-01 9.348935484886169434e-01 9.234408140182495117e-01
9.787127971649169922e-01 9.813269972801208496e-01 9.812025427818298340e-01 9.783393740653991699e-01 9.754761457443237305e-01 9.691273570060729980e-01 9.653927683830261230e-01 8.409062623977661133e-01 9.555583000183105469e-01 9.325283169746398926e-01 9.463463425636291504e-01 9.478401541709899902e-01 9.413668513298034668e-01 8.833561539649963379e-01 9.414913654327392578e-01 9.347690939903259277e-01 9.340221881866455078e-01 9.221959710121154785e-01
9.793352484703063965e-01 9.802066683769226074e-01 9.784638285636901855e-01 9.783393740653991699e-01 9.757251143455505371e-01 9.691273570060729980e-01 9.635254740715026855e-01 8.355533480644226074e-01 9.536910057067871094e-01 9.312834739685058594e-01 9.451014399528503418e-01 9.470932483673095703e-01 9.398730397224426270e-01 8.787501454353332520e-01 9.417403340339660645e-01 9.366363883018493652e-01 9.335241913795471191e-01 9.204531311988830566e-01
9.790862798690795898e-01 9.809535741806030273e-01 9.780904054641723633e-01 9.763475656509399414e-01 9.749782085418701172e-01 9.693763256072998047e-01 9.627785682678222656e-01 8.323166966438293457e-01 9.521971940994262695e-01 9.312834739685058594e-01 9.416158199310302734e-01 9.437320828437805176e-01 9.378812313079833984e-01 8.743931055068969727e-01 9.407444000244140625e-01 9.343956112861633301e-01 9.312834739685058594e-01 9.192082881927490234e-01
9.797087311744689941e-01 9.804556369781494141e-01 9.763475656509399414e-01 9.759740829467773438e-01 9.734843969345092773e-01 9.670110940933227539e-01 9.627785682678222656e-01 8.303248882293701172e-01 9.525706171989440918e-01 9.295406341552734375e-01 9.406199455261230469e-01 9.431096911430358887e-01 9.378812313079833984e-01 8.692891597747802734e-01 9.378812313079833984e-01 9.356404542922973633e-01 9.317814111709594727e-01 9.190837740898132324e-01
9.800821542739868164e-01 9.787127971649169922e-01 9.770944714546203613e-01 9.756006598472595215e-01 9.749782085418701172e-01 9.656417369842529297e-01 9.626540541648864746e-01 8.242250680923461914e-01 9.507033228874206543e-01 9.280468225479125977e-01 9.388771057128906250e-01 9.377567768096923828e-01 9.351425170898437500e-01 8.634383082389831543e-01 9.370098114013671875e-01 9.305365085601806641e-01 9.309099912643432617e-01 9.172164797782897949e-01
9.790862798690795898e-01 9.777169227600097656e-01 9.731109142303466797e-01 9.733598828315734863e-01 9.711191058158874512e-01 9.650192856788635254e-01 9.589194655418395996e-01 8.171293139457702637e-01 9.477156996726989746e-01 9.263039827346801758e-01 9.398730397224426270e-01 9.385036826133728027e-01 9.333997368812561035e-01 8.585833311080932617e-01 9.341466426849365234e-01 9.297896027565002441e-01 9.272999167442321777e-01 9.148512482643127441e-01
9.785883426666259766e-01 9.777169227600097656e-01 9.713681340217590332e-01 9.706211686134338379e-01 9.734843969345092773e-01 9.630275368690490723e-01 9.585459828376770020e-01 8.148885965347290039e-01 9.469687342643737793e-01 9.274243712425231934e-01 9.355159997940063477e-01 9.305365085601806641e-01 9.284202456474304199e-01 8.486244082450866699e-01 9.314079284667968750e-01 9.275488853454589844e-01 9.264284968376159668e-01 9.075065255165100098e-01
9.774679541587829590e-01 9.765965342521667480e-01 9.676334857940673828e-01 9.673845171928405762e-01 9.693763256072998047e-01 9.584215283393859863e-01 9.565542340278625488e-01 8.096601366996765137e-01 9.446035027503967285e-01 9.230673313140869141e-01 9.297896027565002441e-01 9.218224883079528809e-01 9.240632653236389160e-01 8.407817482948303223e-01 9.274243712425231934e-01 9.214490056037902832e-01 9.218224883079528809e-01 8.965517282485961914e-01
9.775924086570739746e-01 9.737333655357360840e-01 9.622805714607238770e-01 9.636499285697937012e-01 9.699987769126892090e-01 9.571766257286071777e-01 9.553093314170837402e-01 7.988298535346984863e-01 9.437320828437805176e-01 9.213245511054992676e-01 9.241877198219299316e-01 9.195817112922668457e-01 9.205776453018188477e-01 8.279596567153930664e-01 9.185858368873596191e-01 9.153491854667663574e-01 9.174654483795166016e-01 8.890825510025024414e-01
9.748537540435791016e-01 9.716171026229858398e-01 9.536910057067871094e-01 9.601643085479736328e-01 9.673845171928405762e-01 9.535665512084960938e-01 9.484626054763793945e-01 7.863811850547790527e-01 9.380057454109191895e-01 9.165940284729003906e-01 9.199551939964294434e-01 9.085023999214172363e-01 9.129839539527893066e-01 8.212373852729797363e-01 9.169675111770629883e-01 9.070085883140563965e-01 9.121125340461730957e-01 8.794970512390136719e-01
9.736088514328002930e-01 9.696252942085266113e-01 9.421137571334838867e-01 9.529440999031066895e-01 9.642723798751831055e-01 9.438565969467163086e-01 9.436076283454895020e-01 7.716917991638183594e-01 9.345201253890991211e-01 9.129839539527893066e-01 9.112411141395568848e-01 8.959292769432067871e-01 9.050167798995971680e-01 8.143906593322753906e-01 9.041454195976257324e-01 8.956803083419799805e-01 9.052658081054687500e-01 8.667994737625122070e-01
