9.502000212669372559e-01 9.585999846458435059e-01 9.279999732971191406e-01 9.233999848365783691e-01 9.182000160217285156e-01 8.853999972343444824e-01 8.773999810218811035e-01 8.726000189781188965e-01 8.277999758720397949e-01 8.371999859809875488e-01
8.686000108718872070e-01 9.232000112533569336e-01 3.889999985694885254e-01 3.614000082015991211e-01 3.215999901294708252e-01 3.084000051021575928e-01 2.448000013828277588e-01 2.479999959468841553e-01 1.920000016689300537e-01 1.840000003576278687e-01
6.959999799728393555e-01 8.812000155448913574e-01 1.923999935388565063e-01 1.873999983072280884e-01 1.723999977111816406e-01 1.469999998807907104e-01 1.270000040531158447e-01 1.250000000000000000e-01 9.099999815225601196e-02 8.760000020265579224e-02
5.212000012397766113e-01 8.299999833106994629e-01 1.324000060558319092e-01 1.262000054121017456e-01 1.103999987244606018e-01 1.015999987721443176e-01 8.600000292062759399e-02 8.780000358819961548e-02 6.560000032186508179e-02 5.660000070929527283e-02
4.034000039100646973e-01 7.670000195503234863e-01 1.014000028371810913e-01 9.660000354051589966e-02 8.179999887943267822e-02 7.720000296831130981e-02 6.440000236034393311e-02 6.580000370740890503e-02 4.820000007748603821e-02 4.520000144839286804e-02
3.176000118255615234e-01 7.027999758720397949e-01 7.720000296831130981e-02 7.519999891519546509e-02 6.700000166893005371e-02 6.199999898672103882e-02 5.339999869465827942e-02 4.820000007748603821e-02 3.640000149607658386e-02 3.339999914169311523e-02
2.673999965190887451e-01 6.385999917984008789e-01 7.140000164508819580e-02 5.920000001788139343e-02 6.120000034570693970e-02 4.839999973773956299e-02 4.540000110864639282e-02 3.920000046491622925e-02 2.920000068843364716e-02 3.200000151991844177e-02
2.354000061750411987e-01 5.781999826431274414e-01 6.060000136494636536e-02 5.359999835491180420e-02 4.160000011324882507e-02 3.940000012516975403e-02 3.840000182390213013e-02 3.660000115633010864e-02 2.439999952912330627e-02 2.260000072419643402e-02
2.018000036478042603e-01 5.228000283241271973e-01 4.520000144839286804e-02 4.360000044107437134e-02 3.880000114440917969e-02 3.880000114440917969e-02 3.599999845027923584e-02 3.339999914169311523e-02 2.300000004470348358e-02 1.779999956488609314e-02
1.767999976873397827e-01 4.645999968051910400e-01 4.259999841451644897e-02 4.199999943375587463e-02 3.959999978542327881e-02 2.800000086426734924e-02 2.940000034868717194e-02 2.740000002086162567e-02 2.339999936521053314e-02 1.860000006854534149e-02
