9.377999901771545410e-01 9.512000083923339844e-01 9.318000078201293945e-01 9.232000112533569336e-01 8.510000109672546387e-01 8.952000141143798828e-01 8.646000027656555176e-01 8.583999872207641602e-01 8.155999779701232910e-01 8.320000171661376953e-01
8.813999891281127930e-01 9.351999759674072266e-01 9.710000157356262207e-01 9.751999974250793457e-01 9.589999914169311523e-01 9.715999960899353027e-01 9.629999995231628418e-01 9.527999758720397949e-01 9.453999996185302734e-01 9.485999941825866699e-01
7.748000025749206543e-01 8.978000283241271973e-01 9.801999926567077637e-01 9.851999878883361816e-01 9.743999838829040527e-01 9.833999872207641602e-01 9.751999974250793457e-01 9.721999764442443848e-01 9.670000076293945312e-01 9.703999757766723633e-01
6.434000134468078613e-01 8.126000165939331055e-01 9.793999791145324707e-01 9.868000149726867676e-01 9.768000245094299316e-01 9.858000278472900391e-01 9.824000000953674316e-01 9.822000265121459961e-01 9.743999838829040527e-01 9.786000251770019531e-01
5.192000269889831543e-01 6.786000132560729980e-01 9.764000177383422852e-01 9.878000020980834961e-01 9.829999804496765137e-01 9.897999763488769531e-01 9.860000014305114746e-01 9.872000217437744141e-01 9.796000123023986816e-01 9.783999919891357422e-01
4.146000146865844727e-01 5.717999935150146484e-01 9.634000062942504883e-01 9.891999959945678711e-01 9.846000075340270996e-01 9.933999776840209961e-01 9.897999763488769531e-01 9.860000014305114746e-01 9.824000000953674316e-01 9.847999811172485352e-01
3.544000089168548584e-01 4.844000041484832764e-01 9.341999888420104980e-01 9.878000020980834961e-01 9.833999872207641602e-01 9.926000237464904785e-01 9.894000291824340820e-01 9.865999817848205566e-01 9.865999817848205566e-01 9.872000217437744141e-01
2.976000010967254639e-01 4.214000105857849121e-01 8.978000283241271973e-01 9.883999824523925781e-01 9.840000271797180176e-01 9.908000230789184570e-01 9.911999702453613281e-01 9.911999702453613281e-01 9.850000143051147461e-01 9.883999824523925781e-01
2.560000121593475342e-01 3.537999987602233887e-01 8.543999791145324707e-01 9.832000136375427246e-01 9.810000061988830566e-01 9.911999702453613281e-01 9.926000237464904785e-01 9.883999824523925781e-01 9.861999750137329102e-01 9.879999756813049316e-01
2.442000061273574829e-01 3.265999853610992432e-01 8.008000254631042480e-01 9.815999865531921387e-01 9.786000251770019531e-01 9.926000237464904785e-01 9.896000027656555176e-01 9.905999898910522461e-01 9.883999824523925781e-01 9.900000095367431641e-01
