9.824000000953674316e-01 9.815000295639038086e-01 9.821000099182128906e-01 9.811999797821044922e-01 9.822000265121459961e-01 9.826999902725219727e-01 9.829000234603881836e-01 9.830999970436096191e-01 9.817000031471252441e-01 9.792000055313110352e-01 9.811999797821044922e-01 9.799000024795532227e-01 9.825999736785888672e-01 9.814000129699707031e-01 9.797999858856201172e-01 9.821000099182128906e-01 9.833999872207641602e-01 9.824000000953674316e-01 9.792000055313110352e-01 9.830999970436096191e-01
9.824000000953674316e-01 9.815000295639038086e-01 9.821000099182128906e-01 9.811999797821044922e-01 9.822000265121459961e-01 9.826999902725219727e-01 9.829000234603881836e-01 9.830999970436096191e-01 9.817000031471252441e-01 9.792000055313110352e-01 9.811999797821044922e-01 9.799000024795532227e-01 9.825999736785888672e-01 9.814000129699707031e-01 9.797999858856201172e-01 9.821000099182128906e-01 9.833999872207641602e-01 9.824000000953674316e-01 9.792000055313110352e-01 9.830999970436096191e-01
9.824000000953674316e-01 9.815000295639038086e-01 9.821000099182128906e-01 9.811999797821044922e-01 9.822000265121459961e-01 9.826999902725219727e-01 9.829000234603881836e-01 9.830999970436096191e-01 9.817000031471252441e-01 9.792000055313110352e-01 9.811999797821044922e-01 9.799000024795532227e-01 9.825999736785888672e-01 9.814000129699707031e-01 9.797999858856201172e-01 9.821000099182128906e-01 9.833999872207641602e-01 9.824000000953674316e-01 9.792000055313110352e-01 9.830999970436096191e-01
9.824000000953674316e-01 9.814000129699707031e-01 9.821000099182128906e-01 9.811999797821044922e-01 9.822999835014343262e-01 9.825999736785888672e-01 9.829999804496765137e-01 9.830999970436096191e-01 9.817000031471252441e-01 9.792000055313110352e-01 9.812999963760375977e-01 9.800000190734863281e-01 9.825999736785888672e-01 9.814000129699707031e-01 9.797999858856201172e-01 9.821000099182128906e-01 9.833999872207641602e-01 9.824000000953674316e-01 9.792000055313110352e-01 9.829999804496765137e-01
9.825999736785888672e-01 9.815000295639038086e-01 9.821000099182128906e-01 9.811000227928161621e-01 9.822999835014343262e-01 9.825999736785888672e-01 9.829999804496765137e-01 9.829000234603881836e-01 9.818000197410583496e-01 9.792000055313110352e-01 9.811999797821044922e-01 9.800000190734863281e-01 9.825999736785888672e-01 9.814000129699707031e-01 9.799000024795532227e-01 9.818000197410583496e-01 9.832999706268310547e-01 9.824000000953674316e-01 9.790999889373779297e-01 9.832000136375427246e-01
9.829000234603881836e-01 9.811000227928161621e-01 9.821000099182128906e-01 9.814000129699707031e-01 9.822999835014343262e-01 9.822999835014343262e-01 9.825000166893005371e-01 9.828000068664550781e-01 9.814000129699707031e-01 9.792000055313110352e-01 9.810000061988830566e-01 9.797000288963317871e-01 9.829000234603881836e-01 9.810000061988830566e-01 9.794999957084655762e-01 9.819999933242797852e-01 9.832000136375427246e-01 9.822999835014343262e-01 9.790999889373779297e-01 9.826999902725219727e-01
9.825999736785888672e-01 9.805999994277954102e-01 9.821000099182128906e-01 9.808999896049499512e-01 9.812999963760375977e-01 9.822000265121459961e-01 9.830999970436096191e-01 9.825000166893005371e-01 9.819999933242797852e-01 9.790999889373779297e-01 9.808999896049499512e-01 9.800000190734863281e-01 9.829000234603881836e-01 9.807999730110168457e-01 9.804000258445739746e-01 9.818000197410583496e-01 9.825999736785888672e-01 9.817000031471252441e-01 9.786999821662902832e-01 9.825999736785888672e-01
9.825000166893005371e-01 9.801999926567077637e-01 9.811999797821044922e-01 9.810000061988830566e-01 9.812999963760375977e-01 9.811000227928161621e-01 9.821000099182128906e-01 9.825999736785888672e-01 9.812999963760375977e-01 9.793999791145324707e-01 9.804999828338623047e-01 9.801999926567077637e-01 9.825999736785888672e-01 9.810000061988830566e-01 9.799000024795532227e-01 9.814000129699707031e-01 9.829000234603881836e-01 9.811000227928161621e-01 9.778000116348266602e-01 9.824000000953674316e-01
9.822999835014343262e-01 9.793000221252441406e-01 9.817000031471252441e-01 9.797000288963317871e-01 9.800000190734863281e-01 9.807000160217285156e-01 9.814000129699707031e-01 9.822999835014343262e-01 9.807999730110168457e-01 9.778000116348266602e-01 9.803000092506408691e-01 9.794999957084655762e-01 9.825999736785888672e-01 9.801999926567077637e-01 9.787999987602233887e-01 9.807000160217285156e-01 9.819999933242797852e-01 9.807000160217285156e-01 9.783999919891357422e-01 9.818999767303466797e-01
9.818999767303466797e-01 9.763000011444091797e-01 9.807999730110168457e-01 9.771999716758728027e-01 9.792000055313110352e-01 9.786999821662902832e-01 9.815000295639038086e-01 9.818999767303466797e-01 9.800999760627746582e-01 9.772999882698059082e-01 9.789000153541564941e-01 9.792000055313110352e-01 9.812999963760375977e-01 9.774000048637390137e-01 9.775000214576721191e-01 9.804999828338623047e-01 9.811999797821044922e-01 9.790999889373779297e-01 9.763000011444091797e-01 9.800000190734863281e-01
9.807000160217285156e-01 9.758999943733215332e-01 9.793999791145324707e-01 9.733999967575073242e-01 9.764999747276306152e-01 9.753000140190124512e-01 9.804000258445739746e-01 9.787999987602233887e-01 9.803000092506408691e-01 9.757999777793884277e-01 9.775999784469604492e-01 9.775999784469604492e-01 9.810000061988830566e-01 9.754999876022338867e-01 9.753000140190124512e-01 9.772999882698059082e-01 9.793000221252441406e-01 9.772999882698059082e-01 9.753999710083007812e-01 9.786000251770019531e-01
9.793999791145324707e-01 9.678000211715698242e-01 9.779999852180480957e-01 9.635999798774719238e-01 9.689999818801879883e-01 9.743000268936157227e-01 9.767000079154968262e-01 9.753999710083007812e-01 9.789000153541564941e-01 9.746000170707702637e-01 9.739999771118164062e-01 9.757999777793884277e-01 9.786999821662902832e-01 9.679999947547912598e-01 9.717000126838684082e-01 9.756000041961669922e-01 9.767000079154968262e-01 9.765999913215637207e-01 9.733999967575073242e-01 9.774000048637390137e-01
9.771999716758728027e-01 9.627000093460083008e-01 9.742000102996826172e-01 9.553999900817871094e-01 9.600999951362609863e-01 9.671000242233276367e-01 9.731000065803527832e-01 9.696999788284301758e-01 9.740999937057495117e-01 9.706000089645385742e-01 9.668999910354614258e-01 9.715999960899353027e-01 9.775999784469604492e-01 9.611999988555908203e-01 9.660000205039978027e-01 9.725999832153320312e-01 9.702000021934509277e-01 9.699000120162963867e-01 9.725999832153320312e-01 9.740999937057495117e-01
9.726999998092651367e-01 9.466999769210815430e-01 9.693999886512756348e-01 9.440000057220458984e-01 9.495000243186950684e-01 9.623000025749206543e-01 9.671000242233276367e-01 9.582999944686889648e-01 9.688000082969665527e-01 9.660999774932861328e-01 9.592000246047973633e-01 9.629999995231628418e-01 9.720000028610229492e-01 9.477999806404113770e-01 9.523000121116638184e-01 9.624000191688537598e-01 9.610000252723693848e-01 9.667000174522399902e-01 9.638000130653381348e-01 9.639999866485595703e-01
9.660999774932861328e-01 9.287999868392944336e-01 9.589999914169311523e-01 9.286999702453613281e-01 9.366999864578247070e-01 9.534999728202819824e-01 9.577000141143798828e-01 9.426000118255615234e-01 9.611999988555908203e-01 9.573000073432922363e-01 9.416999816894531250e-01 9.512000083923339844e-01 9.645000100135803223e-01 9.343000054359436035e-01 9.373000264167785645e-01 9.534000158309936523e-01 9.503999948501586914e-01 9.538000226020812988e-01 9.591000080108642578e-01 9.556999802589416504e-01
9.513999819755554199e-01 9.075000286102294922e-01 9.460999965667724609e-01 9.126999974250793457e-01 9.210000038146972656e-01 9.356999993324279785e-01 9.465000033378601074e-01 9.319000244140625000e-01 9.449999928474426270e-01 9.444000124931335449e-01 9.225999712944030762e-01 9.416000247001647949e-01 9.562000036239624023e-01 9.200999736785888672e-01 9.168999791145324707e-01 9.375000000000000000e-01 9.383999705314636230e-01 9.377999901771545410e-01 9.453999996185302734e-01 9.397000074386596680e-01
9.326000213623046875e-01 8.876000046730041504e-01 9.340000152587890625e-01 8.950999975204467773e-01 9.013000130653381348e-01 9.204000234603881836e-01 9.316999912261962891e-01 9.136999845504760742e-01 9.241999983787536621e-01 9.372000098228454590e-01 9.013000130653381348e-01 9.262999892234802246e-01 9.386000037193298340e-01 9.011999964714050293e-01 8.956999778747558594e-01 9.228000044822692871e-01 9.246000051498413086e-01 9.175999760627746582e-01 9.258999824523925781e-01 9.239000082015991211e-01
9.154000282287597656e-01 8.634999990463256836e-01 9.207000136375427246e-01 8.740000128746032715e-01 8.788999915122985840e-01 9.074000120162963867e-01 9.164000153541564941e-01 8.909999728202819824e-01 9.068999886512756348e-01 9.235000014305114746e-01 8.763999938964843750e-01 9.045000076293945312e-01 9.192000031471252441e-01 8.779000043869018555e-01 8.766000270843505859e-01 9.006000161170959473e-01 9.092000126838684082e-01 8.989999890327453613e-01 9.118000268936157227e-01 8.988000154495239258e-01
8.977000117301940918e-01 8.445000052452087402e-01 9.011999964714050293e-01 8.579000234603881836e-01 8.565000295639038086e-01 8.816000223159790039e-01 8.945000171661376953e-01 8.737999796867370605e-01 8.830999732017517090e-01 9.070000052452087402e-01 8.562999963760375977e-01 8.884999752044677734e-01 9.023000001907348633e-01 8.532999753952026367e-01 8.539000153541564941e-01 8.770999908447265625e-01 8.930000066757202148e-01 8.781999945640563965e-01 8.917999863624572754e-01 8.852999806404113770e-01
8.762999773025512695e-01 8.202000260353088379e-01 8.862000107765197754e-01 8.213999867439270020e-01 8.406999707221984863e-01 8.608999848365783691e-01 8.712999820709228516e-01 8.526999950408935547e-01 8.672999739646911621e-01 8.852999806404113770e-01 8.341000080108642578e-01 8.639000058174133301e-01 8.813999891281127930e-01 8.330000042915344238e-01 8.299000263214111328e-01 8.597000241279602051e-01 8.730999827384948730e-01 8.510000109672546387e-01 8.693000078201293945e-01 8.623999953269958496e-01
