9.753999710083007812e-01 9.781000018119812012e-01 9.792000055313110352e-01 9.804000258445739746e-01 9.778000116348266602e-01 9.761999845504760742e-01 9.772999882698059082e-01 9.797000288963317871e-01 9.786999821662902832e-01 9.783999919891357422e-01 9.774000048637390137e-01 9.801999926567077637e-01 9.786999821662902832e-01 9.779999852180480957e-01 9.786000251770019531e-01 9.763000011444091797e-01 9.789999723434448242e-01 9.807000160217285156e-01 9.787999987602233887e-01 9.799000024795532227e-01
9.753999710083007812e-01 9.781000018119812012e-01 9.792000055313110352e-01 9.804000258445739746e-01 9.778000116348266602e-01 9.761999845504760742e-01 9.772999882698059082e-01 9.797000288963317871e-01 9.786999821662902832e-01 9.783999919891357422e-01 9.774000048637390137e-01 9.801999926567077637e-01 9.786999821662902832e-01 9.779999852180480957e-01 9.786000251770019531e-01 9.763000011444091797e-01 9.789999723434448242e-01 9.807000160217285156e-01 9.787999987602233887e-01 9.799000024795532227e-01
9.753999710083007812e-01 9.781000018119812012e-01 9.792000055313110352e-01 9.804000258445739746e-01 9.778000116348266602e-01 9.761999845504760742e-01 9.772999882698059082e-01 9.797000288963317871e-01 9.786999821662902832e-01 9.783999919891357422e-01 9.774000048637390137e-01 9.801999926567077637e-01 9.786999821662902832e-01 9.779999852180480957e-01 9.786000251770019531e-01 9.763000011444091797e-01 9.789999723434448242e-01 9.807000160217285156e-01 9.787999987602233887e-01 9.799000024795532227e-01
9.753999710083007812e-01 9.781000018119812012e-01 9.792000055313110352e-01 9.804000258445739746e-01 9.778000116348266602e-01 9.761999845504760742e-01 9.772999882698059082e-01 9.797000288963317871e-01 9.786000251770019531e-01 9.783999919891357422e-01 9.774000048637390137e-01 9.801999926567077637e-01 9.789000153541564941e-01 9.779999852180480957e-01 9.786000251770019531e-01 9.763000011444091797e-01 9.789999723434448242e-01 9.807000160217285156e-01 9.787999987602233887e-01 9.799000024795532227e-01
9.754999876022338867e-01 9.779999852180480957e-01 9.789999723434448242e-01 9.804000258445739746e-01 9.775000214576721191e-01 9.760000109672546387e-01 9.772999882698059082e-01 9.797000288963317871e-01 9.786000251770019531e-01 9.783999919891357422e-01 9.772999882698059082e-01 9.804000258445739746e-01 9.787999987602233887e-01 9.779000282287597656e-01 9.786000251770019531e-01 9.763000011444091797e-01 9.790999889373779297e-01 9.804999828338623047e-01 9.789000153541564941e-01 9.799000024795532227e-01
9.746999740600585938e-01 9.782999753952026367e-01 9.793999791145324707e-01 9.801999926567077637e-01 9.776999950408935547e-01 9.753999710083007812e-01 9.771000146865844727e-01 9.796000123023986816e-01 9.782000184059143066e-01 9.782000184059143066e-01 9.771000146865844727e-01 9.801999926567077637e-01 9.789000153541564941e-01 9.778000116348266602e-01 9.786999821662902832e-01 9.761999845504760742e-01 9.790999889373779297e-01 9.804999828338623047e-01 9.786999821662902832e-01 9.797000288963317871e-01
9.749000072479248047e-01 9.783999919891357422e-01 9.789999723434448242e-01 9.801999926567077637e-01 9.769999980926513672e-01 9.757999777793884277e-01 9.771999716758728027e-01 9.794999957084655762e-01 9.779999852180480957e-01 9.779000282287597656e-01 9.771000146865844727e-01 9.800999760627746582e-01 9.783999919891357422e-01 9.772999882698059082e-01 9.782000184059143066e-01 9.760000109672546387e-01 9.782000184059143066e-01 9.804999828338623047e-01 9.789000153541564941e-01 9.793000221252441406e-01
9.738000035285949707e-01 9.778000116348266602e-01 9.786999821662902832e-01 9.799000024795532227e-01 9.771000146865844727e-01 9.753999710083007812e-01 9.764000177383422852e-01 9.794999957084655762e-01 9.775000214576721191e-01 9.782999753952026367e-01 9.764999747276306152e-01 9.803000092506408691e-01 9.782999753952026367e-01 9.772999882698059082e-01 9.786000251770019531e-01 9.764999747276306152e-01 9.779999852180480957e-01 9.800000190734863281e-01 9.786000251770019531e-01 9.793999791145324707e-01
9.739000201225280762e-01 9.778000116348266602e-01 9.781000018119812012e-01 9.797999858856201172e-01 9.758999943733215332e-01 9.746000170707702637e-01 9.753999710083007812e-01 9.790999889373779297e-01 9.771999716758728027e-01 9.778000116348266602e-01 9.757000207901000977e-01 9.793999791145324707e-01 9.783999919891357422e-01 9.768000245094299316e-01 9.775999784469604492e-01 9.763000011444091797e-01 9.783999919891357422e-01 9.799000024795532227e-01 9.782000184059143066e-01 9.790999889373779297e-01
9.739999771118164062e-01 9.779000282287597656e-01 9.768000245094299316e-01 9.796000123023986816e-01 9.756000041961669922e-01 9.743000268936157227e-01 9.747999906539916992e-01 9.787999987602233887e-01 9.767000079154968262e-01 9.771999716758728027e-01 9.747999906539916992e-01 9.789000153541564941e-01 9.776999950408935547e-01 9.763000011444091797e-01 9.772999882698059082e-01 9.758999943733215332e-01 9.787999987602233887e-01 9.797999858856201172e-01 9.775000214576721191e-01 9.787999987602233887e-01
9.738000035285949707e-01 9.775000214576721191e-01 9.764000177383422852e-01 9.789000153541564941e-01 9.739000201225280762e-01 9.740999937057495117e-01 9.739999771118164062e-01 9.774000048637390137e-01 9.764999747276306152e-01 9.767000079154968262e-01 9.743999838829040527e-01 9.785000085830688477e-01 9.767000079154968262e-01 9.761000275611877441e-01 9.771000146865844727e-01 9.757999777793884277e-01 9.774000048637390137e-01 9.789999723434448242e-01 9.771000146865844727e-01 9.768000245094299316e-01
9.720000028610229492e-01 9.772999882698059082e-01 9.765999913215637207e-01 9.782999753952026367e-01 9.732000231742858887e-01 9.721000194549560547e-01 9.732999801635742188e-01 9.775000214576721191e-01 9.753999710083007812e-01 9.757999777793884277e-01 9.739000201225280762e-01 9.782000184059143066e-01 9.774000048637390137e-01 9.747999906539916992e-01 9.758999943733215332e-01 9.751999974250793457e-01 9.779000282287597656e-01 9.786999821662902832e-01 9.768999814987182617e-01 9.774000048637390137e-01
9.720000028610229492e-01 9.757000207901000977e-01 9.750999808311462402e-01 9.775999784469604492e-01 9.711999893188476562e-01 9.714000225067138672e-01 9.714000225067138672e-01 9.771999716758728027e-01 9.732999801635742188e-01 9.739999771118164062e-01 9.729999899864196777e-01 9.776999950408935547e-01 9.764999747276306152e-01 9.750000238418579102e-01 9.746000170707702637e-01 9.743999838829040527e-01 9.757999777793884277e-01 9.771000146865844727e-01 9.746999740600585938e-01 9.761999845504760742e-01
9.710999727249145508e-01 9.745000004768371582e-01 9.728000164031982422e-01 9.775000214576721191e-01 9.703999757766723633e-01 9.696999788284301758e-01 9.703999757766723633e-01 9.745000004768371582e-01 9.707999825477600098e-01 9.733999967575073242e-01 9.699000120162963867e-01 9.765999913215637207e-01 9.761000275611877441e-01 9.740999937057495117e-01 9.736999869346618652e-01 9.743999838829040527e-01 9.761999845504760742e-01 9.764999747276306152e-01 9.739000201225280762e-01 9.749000072479248047e-01
9.696999788284301758e-01 9.715999960899353027e-01 9.721000194549560547e-01 9.735000133514404297e-01 9.681000113487243652e-01 9.682000279426574707e-01 9.670000076293945312e-01 9.735999703407287598e-01 9.703000187873840332e-01 9.707999825477600098e-01 9.686999917030334473e-01 9.747999906539916992e-01 9.757000207901000977e-01 9.726999998092651367e-01 9.722999930381774902e-01 9.725999832153320312e-01 9.745000004768371582e-01 9.761999845504760742e-01 9.729999899864196777e-01 9.736999869346618652e-01
9.678000211715698242e-01 9.704999923706054688e-01 9.677000045776367188e-01 9.728000164031982422e-01 9.641000032424926758e-01 9.652000069618225098e-01 9.631999731063842773e-01 9.746999740600585938e-01 9.653999805450439453e-01 9.675999879837036133e-01 9.646000266075134277e-01 9.724000096321105957e-01 9.735999703407287598e-01 9.713000059127807617e-01 9.713000059127807617e-01 9.718999862670898438e-01 9.728999733924865723e-01 9.729999899864196777e-01 9.706000089645385742e-01 9.710999727249145508e-01
9.671999812126159668e-01 9.675999879837036133e-01 9.628999829292297363e-01 9.696000218391418457e-01 9.621000289916992188e-01 9.638000130653381348e-01 9.607999920845031738e-01 9.707000255584716797e-01 9.634000062942504883e-01 9.671999812126159668e-01 9.617999792098999023e-01 9.704999923706054688e-01 9.728999733924865723e-01 9.681000113487243652e-01 9.689000248908996582e-01 9.700999855995178223e-01 9.706000089645385742e-01 9.692999720573425293e-01 9.696999788284301758e-01 9.671000242233276367e-01
9.631999731063842773e-01 9.660000205039978027e-01 9.585000276565551758e-01 9.657999873161315918e-01 9.544000029563903809e-01 9.585999846458435059e-01 9.542999863624572754e-01 9.696000218391418457e-01 9.595999717712402344e-01 9.606000185012817383e-01 9.560999870300292969e-01 9.696999788284301758e-01 9.688000082969665527e-01 9.664000272750854492e-01 9.628999829292297363e-01 9.692000150680541992e-01 9.692000150680541992e-01 9.684000015258789062e-01 9.634000062942504883e-01 9.642999768257141113e-01
9.595000147819519043e-01 9.602000117301940918e-01 9.508000016212463379e-01 9.618999958038330078e-01 9.462000131607055664e-01 9.535999894142150879e-01 9.441999793052673340e-01 9.642000198364257812e-01 9.562000036239624023e-01 9.555000066757202148e-01 9.541000127792358398e-01 9.646999835968017578e-01 9.670000076293945312e-01 9.585999846458435059e-01 9.606000185012817383e-01 9.642999768257141113e-01 9.635999798774719238e-01 9.611999988555908203e-01 9.570000171661376953e-01 9.595999717712402344e-01
9.556000232696533203e-01 9.516999721527099609e-01 9.387999773025512695e-01 9.563999772071838379e-01 9.351000189781188965e-01 9.460999965667724609e-01 9.383000135421752930e-01 9.567000269889831543e-01 9.469000101089477539e-01 9.452999830245971680e-01 9.459999799728393555e-01 9.578999876976013184e-01 9.606999754905700684e-01 9.567999839782714844e-01 9.556999802589416504e-01 9.621000289916992188e-01 9.598000049591064453e-01 9.569000005722045898e-01 9.531000256538391113e-01 9.552999734878540039e-01
