9.800999760627746582e-01 9.804000258445739746e-01 9.807999730110168457e-01 9.807999730110168457e-01 9.790999889373779297e-01 9.797999858856201172e-01 9.797999858856201172e-01 9.785000085830688477e-01 9.785000085830688477e-01 9.785000085830688477e-01
9.760000109672546387e-01 9.800999760627746582e-01 9.808999896049499512e-01 9.805999994277954102e-01 9.783999919891357422e-01 9.792000055313110352e-01 9.803000092506408691e-01 9.779999852180480957e-01 9.785000085830688477e-01 9.786999821662902832e-01
9.649999737739562988e-01 9.753000140190124512e-01 9.765999913215637207e-01 9.779000282287597656e-01 9.782999753952026367e-01 9.786000251770019531e-01 9.800000190734863281e-01 9.778000116348266602e-01 9.782999753952026367e-01 9.782999753952026367e-01
9.337999820709228516e-01 9.664999842643737793e-01 9.728999733924865723e-01 9.753000140190124512e-01 9.771000146865844727e-01 9.781000018119812012e-01 9.794999957084655762e-01 9.769999980926513672e-01 9.785000085830688477e-01 9.776999950408935547e-01
8.791000247001647949e-01 9.472000002861022949e-01 9.639000296592712402e-01 9.715999960899353027e-01 9.720000028610229492e-01 9.764000177383422852e-01 9.789999723434448242e-01 9.775000214576721191e-01 9.769999980926513672e-01 9.782999753952026367e-01
7.980999946594238281e-01 9.067000150680541992e-01 9.509999752044677734e-01 9.629999995231628418e-01 9.700999855995178223e-01 9.747999906539916992e-01 9.778000116348266602e-01 9.760000109672546387e-01 9.756000041961669922e-01 9.786000251770019531e-01
7.026000022888183594e-01 8.428999781608581543e-01 9.215000271797180176e-01 9.552999734878540039e-01 9.649000167846679688e-01 9.728999733924865723e-01 9.767000079154968262e-01 9.742000102996826172e-01 9.769999980926513672e-01 9.774000048637390137e-01
6.154999732971191406e-01 7.677000164985656738e-01 8.880000114440917969e-01 9.298999905586242676e-01 9.556999802589416504e-01 9.690999984741210938e-01 9.763000011444091797e-01 9.732999801635742188e-01 9.757000207901000977e-01 9.765999913215637207e-01
5.475999712944030762e-01 6.995000243186950684e-01 8.309000134468078613e-01 9.043999910354614258e-01 9.412000179290771484e-01 9.631000161170959473e-01 9.710000157356262207e-01 9.702000021934509277e-01 9.743999838829040527e-01 9.746000170707702637e-01
4.760999977588653564e-01 6.201999783515930176e-01 7.796999812126159668e-01 8.629999756813049316e-01 9.182999730110168457e-01 9.496999979019165039e-01 9.667999744415283203e-01 9.674999713897705078e-01 9.731000065803527832e-01 9.757000207901000977e-01
