9.821000099182128906e-01 9.771999716758728027e-01 9.613999724388122559e-01 9.077000021934509277e-01 8.313999772071838379e-01 7.211999893188476562e-01 6.089000105857849121e-01 5.225999951362609863e-01 4.384000003337860107e-01 3.810000121593475342e-01
9.818999767303466797e-01 9.807000160217285156e-01 9.757999777793884277e-01 9.674000144004821777e-01 9.473999738693237305e-01 9.133999943733215332e-01 8.608000278472900391e-01 7.994999885559082031e-01 7.308999896049499512e-01 6.554999947547912598e-01
9.805999994277954102e-01 9.797999858856201172e-01 9.783999919891357422e-01 9.740999937057495117e-01 9.660999774932861328e-01 9.502999782562255859e-01 9.204999804496765137e-01 8.891000151634216309e-01 8.355000019073486328e-01 7.721999883651733398e-01
9.829999804496765137e-01 9.822000265121459961e-01 9.814000129699707031e-01 9.775999784469604492e-01 9.739000201225280762e-01 9.674999713897705078e-01 9.513999819755554199e-01 9.250000119209289551e-01 8.967000246047973633e-01 8.557000160217285156e-01
9.794999957084655762e-01 9.800000190734863281e-01 9.786999821662902832e-01 9.778000116348266602e-01 9.754999876022338867e-01 9.700000286102294922e-01 9.646999835968017578e-01 9.535999894142150879e-01 9.341999888420104980e-01 9.057999849319458008e-01
9.785000085830688477e-01 9.785000085830688477e-01 9.783999919891357422e-01 9.767000079154968262e-01 9.751999974250793457e-01 9.735999703407287598e-01 9.672999978065490723e-01 9.610999822616577148e-01 9.519000053405761719e-01 9.337000250816345215e-01
9.800000190734863281e-01 9.787999987602233887e-01 9.799000024795532227e-01 9.776999950408935547e-01 9.751999974250793457e-01 9.760000109672546387e-01 9.706000089645385742e-01 9.666000008583068848e-01 9.599999785423278809e-01 9.488000273704528809e-01
9.786999821662902832e-01 9.775999784469604492e-01 9.779000282287597656e-01 9.771999716758728027e-01 9.767000079154968262e-01 9.758999943733215332e-01 9.726999998092651367e-01 9.700000286102294922e-01 9.672999978065490723e-01 9.589999914169311523e-01
9.782999753952026367e-01 9.782000184059143066e-01 9.774000048637390137e-01 9.786000251770019531e-01 9.765999913215637207e-01 9.738000035285949707e-01 9.753000140190124512e-01 9.725000262260437012e-01 9.682000279426574707e-01 9.656000137329101562e-01
9.789000153541564941e-01 9.783999919891357422e-01 9.782999753952026367e-01 9.787999987602233887e-01 9.779000282287597656e-01 9.771000146865844727e-01 9.757999777793884277e-01 9.717000126838684082e-01 9.710999727249145508e-01 9.692000150680541992e-01
