9.818000197410583496e-01 9.818000197410583496e-01 9.818000197410583496e-01 9.818000197410583496e-01 9.818000197410583496e-01 9.817000031471252441e-01 9.818999767303466797e-01 9.811999797821044922e-01 9.804999828338623047e-01 9.808999896049499512e-01 9.793999791145324707e-01 9.793999791145324707e-01 9.763000011444091797e-01 9.710999727249145508e-01 9.652000069618225098e-01 9.527000188827514648e-01 9.433000087738037109e-01 9.250000119209289551e-01 9.071999788284301758e-01 8.916000127792358398e-01
9.801999926567077637e-01 9.801999926567077637e-01 9.801999926567077637e-01 9.801999926567077637e-01 9.800999760627746582e-01 9.801999926567077637e-01 9.800999760627746582e-01 9.794999957084655762e-01 9.775999784469604492e-01 9.775999784469604492e-01 9.771000146865844727e-01 9.715999960899353027e-01 9.635999798774719238e-01 9.542999863624572754e-01 9.383999705314636230e-01 9.239000082015991211e-01 8.966000080108642578e-01 8.801000118255615234e-01 8.610000014305114746e-01 8.353000283241271973e-01
9.807999730110168457e-01 9.807999730110168457e-01 9.807999730110168457e-01 9.807999730110168457e-01 9.807999730110168457e-01 9.805999994277954102e-01 9.804000258445739746e-01 9.803000092506408691e-01 9.805999994277954102e-01 9.786999821662902832e-01 9.764000177383422852e-01 9.749000072479248047e-01 9.714000225067138672e-01 9.625999927520751953e-01 9.544000029563903809e-01 9.384999871253967285e-01 9.266999959945678711e-01 9.120000004768371582e-01 8.895000219345092773e-01 8.731999993324279785e-01
9.833999872207641602e-01 9.833999872207641602e-01 9.833999872207641602e-01 9.833999872207641602e-01 9.839000105857849121e-01 9.839000105857849121e-01 9.829000234603881836e-01 9.829000234603881836e-01 9.828000068664550781e-01 9.825000166893005371e-01 9.811999797821044922e-01 9.805999994277954102e-01 9.775000214576721191e-01 9.747999906539916992e-01 9.729999899864196777e-01 9.635000228881835938e-01 9.546999931335449219e-01 9.411000013351440430e-01 9.226999878883361816e-01 9.067999720573425293e-01
9.833999872207641602e-01 9.833999872207641602e-01 9.833999872207641602e-01 9.833999872207641602e-01 9.835000038146972656e-01 9.832000136375427246e-01 9.825999736785888672e-01 9.826999902725219727e-01 9.825000166893005371e-01 9.811000227928161621e-01 9.804000258445739746e-01 9.785000085830688477e-01 9.749000072479248047e-01 9.684000015258789062e-01 9.556999802589416504e-01 9.437000155448913574e-01 9.258000254631042480e-01 9.054999947547912598e-01 8.917000293731689453e-01 8.654999732971191406e-01
9.824000000953674316e-01 9.824000000953674316e-01 9.824000000953674316e-01 9.824000000953674316e-01 9.825000166893005371e-01 9.824000000953674316e-01 9.828000068664550781e-01 9.815999865531921387e-01 9.822999835014343262e-01 9.812999963760375977e-01 9.807999730110168457e-01 9.803000092506408691e-01 9.764999747276306152e-01 9.713000059127807617e-01 9.635999798774719238e-01 9.520000219345092773e-01 9.370999932289123535e-01 9.190999865531921387e-01 9.045000076293945312e-01 8.876000046730041504e-01
9.819999933242797852e-01 9.819999933242797852e-01 9.819999933242797852e-01 9.819999933242797852e-01 9.822000265121459961e-01 9.818999767303466797e-01 9.818000197410583496e-01 9.819999933242797852e-01 9.822999835014343262e-01 9.818999767303466797e-01 9.817000031471252441e-01 9.799000024795532227e-01 9.800000190734863281e-01 9.772999882698059082e-01 9.763000011444091797e-01 9.720000028610229492e-01 9.616000056266784668e-01 9.552000164985656738e-01 9.474999904632568359e-01 9.347000122070312500e-01
9.810000061988830566e-01 9.810000061988830566e-01 9.810000061988830566e-01 9.810000061988830566e-01 9.810000061988830566e-01 9.812999963760375977e-01 9.807999730110168457e-01 9.814000129699707031e-01 9.804000258445739746e-01 9.819999933242797852e-01 9.793999791145324707e-01 9.797999858856201172e-01 9.781000018119812012e-01 9.745000004768371582e-01 9.717000126838684082e-01 9.660999774932861328e-01 9.602000117301940918e-01 9.512000083923339844e-01 9.433000087738037109e-01 9.268000125885009766e-01
9.839000105857849121e-01 9.839000105857849121e-01 9.839000105857849121e-01 9.839000105857849121e-01 9.837999939918518066e-01 9.837999939918518066e-01 9.839000105857849121e-01 9.832000136375427246e-01 9.830999970436096191e-01 9.829999804496765137e-01 9.830999970436096191e-01 9.817000031471252441e-01 9.811999797821044922e-01 9.807999730110168457e-01 9.778000116348266602e-01 9.779000282287597656e-01 9.725999832153320312e-01 9.686999917030334473e-01 9.642999768257141113e-01 9.582999944686889648e-01
9.822000265121459961e-01 9.822000265121459961e-01 9.822000265121459961e-01 9.822000265121459961e-01 9.824000000953674316e-01 9.822999835014343262e-01 9.821000099182128906e-01 9.815000295639038086e-01 9.825999736785888672e-01 9.822000265121459961e-01 9.812999963760375977e-01 9.811000227928161621e-01 9.805999994277954102e-01 9.803000092506408691e-01 9.797000288963317871e-01 9.787999987602233887e-01 9.781000018119812012e-01 9.776999950408935547e-01 9.761000275611877441e-01 9.711999893188476562e-01
9.811999797821044922e-01 9.811999797821044922e-01 9.811999797821044922e-01 9.811999797821044922e-01 9.812999963760375977e-01 9.812999963760375977e-01 9.814000129699707031e-01 9.817000031471252441e-01 9.812999963760375977e-01 9.807999730110168457e-01 9.801999926567077637e-01 9.811999797821044922e-01 9.804000258445739746e-01 9.800000190734863281e-01 9.801999926567077637e-01 9.782999753952026367e-01 9.772999882698059082e-01 9.763000011444091797e-01 9.736999869346618652e-01 9.710999727249145508e-01
9.832000136375427246e-01 9.832000136375427246e-01 9.832000136375427246e-01 9.830999970436096191e-01 9.830999970436096191e-01 9.829000234603881836e-01 9.832999706268310547e-01 9.829000234603881836e-01 9.829999804496765137e-01 9.829000234603881836e-01 9.830999970436096191e-01 9.825999736785888672e-01 9.818000197410583496e-01 9.804000258445739746e-01 9.793999791145324707e-01 9.782000184059143066e-01 9.753000140190124512e-01 9.753999710083007812e-01 9.700000286102294922e-01 9.672999978065490723e-01
9.811999797821044922e-01 9.811999797821044922e-01 9.811999797821044922e-01 9.811999797821044922e-01 9.814000129699707031e-01 9.811999797821044922e-01 9.815999865531921387e-01 9.821000099182128906e-01 9.818999767303466797e-01 9.815000295639038086e-01 9.818000197410583496e-01 9.824000000953674316e-01 9.815999865531921387e-01 9.815000295639038086e-01 9.814000129699707031e-01 9.807000160217285156e-01 9.796000123023986816e-01 9.794999957084655762e-01 9.783999919891357422e-01 9.761999845504760742e-01
9.821000099182128906e-01 9.821000099182128906e-01 9.821000099182128906e-01 9.821000099182128906e-01 9.822000265121459961e-01 9.821000099182128906e-01 9.825000166893005371e-01 9.825000166893005371e-01 9.826999902725219727e-01 9.824000000953674316e-01 9.825999736785888672e-01 9.829000234603881836e-01 9.818999767303466797e-01 9.810000061988830566e-01 9.815999865531921387e-01 9.810000061988830566e-01 9.793000221252441406e-01 9.789999723434448242e-01 9.764999747276306152e-01 9.758999943733215332e-01
9.796000123023986816e-01 9.796000123023986816e-01 9.796000123023986816e-01 9.796000123023986816e-01 9.797000288963317871e-01 9.797000288963317871e-01 9.799000024795532227e-01 9.800000190734863281e-01 9.804000258445739746e-01 9.800999760627746582e-01 9.804000258445739746e-01 9.797000288963317871e-01 9.807999730110168457e-01 9.811999797821044922e-01 9.805999994277954102e-01 9.805999994277954102e-01 9.793999791145324707e-01 9.779000282287597656e-01 9.769999980926513672e-01 9.758999943733215332e-01
9.803000092506408691e-01 9.803000092506408691e-01 9.803000092506408691e-01 9.803000092506408691e-01 9.804999828338623047e-01 9.804000258445739746e-01 9.804999828338623047e-01 9.805999994277954102e-01 9.815000295639038086e-01 9.808999896049499512e-01 9.812999963760375977e-01 9.807000160217285156e-01 9.801999926567077637e-01 9.812999963760375977e-01 9.804999828338623047e-01 9.797000288963317871e-01 9.799000024795532227e-01 9.793000221252441406e-01 9.781000018119812012e-01 9.771999716758728027e-01
9.781000018119812012e-01 9.781000018119812012e-01 9.781000018119812012e-01 9.781000018119812012e-01 9.782000184059143066e-01 9.785000085830688477e-01 9.789000153541564941e-01 9.789999723434448242e-01 9.793000221252441406e-01 9.804999828338623047e-01 9.803000092506408691e-01 9.801999926567077637e-01 9.800999760627746582e-01 9.793000221252441406e-01 9.800000190734863281e-01 9.794999957084655762e-01 9.797000288963317871e-01 9.787999987602233887e-01 9.793000221252441406e-01 9.787999987602233887e-01
9.789000153541564941e-01 9.789000153541564941e-01 9.789000153541564941e-01 9.789000153541564941e-01 9.789999723434448242e-01 9.793999791145324707e-01 9.790999889373779297e-01 9.796000123023986816e-01 9.793999791145324707e-01 9.805999994277954102e-01 9.794999957084655762e-01 9.800999760627746582e-01 9.797999858856201172e-01 9.804999828338623047e-01 9.787999987602233887e-01 9.799000024795532227e-01 9.790999889373779297e-01 9.776999950408935547e-01 9.785000085830688477e-01 9.761000275611877441e-01
9.794999957084655762e-01 9.794999957084655762e-01 9.794999957084655762e-01 9.794999957084655762e-01 9.794999957084655762e-01 9.797999858856201172e-01 9.796000123023986816e-01 9.794999957084655762e-01 9.800000190734863281e-01 9.807999730110168457e-01 9.787999987602233887e-01 9.799000024795532227e-01 9.796000123023986816e-01 9.790999889373779297e-01 9.800000190734863281e-01 9.786999821662902832e-01 9.779000282287597656e-01 9.763000011444091797e-01 9.768999814987182617e-01 9.765999913215637207e-01
9.789000153541564941e-01 9.789000153541564941e-01 9.789000153541564941e-01 9.789000153541564941e-01 9.789000153541564941e-01 9.792000055313110352e-01 9.789999723434448242e-01 9.789999723434448242e-01 9.793000221252441406e-01 9.789999723434448242e-01 9.789000153541564941e-01 9.797999858856201172e-01 9.785000085830688477e-01 9.793999791145324707e-01 9.793999791145324707e-01 9.793000221252441406e-01 9.786000251770019531e-01 9.786999821662902832e-01 9.772999882698059082e-01 9.768000245094299316e-01
