9.807999730110168457e-01 9.807999730110168457e-01 9.807999730110168457e-01 9.807999730110168457e-01 9.808999896049499512e-01 9.811000227928161621e-01 9.811000227928161621e-01 9.804000258445739746e-01 9.800000190734863281e-01 9.800999760627746582e-01 9.803000092506408691e-01 9.799000024795532227e-01 9.794999957084655762e-01 9.776999950408935547e-01 9.772999882698059082e-01 9.757000207901000977e-01 9.742000102996826172e-01 9.718999862670898438e-01 9.693999886512756348e-01 9.649999737739562988e-01
9.804999828338623047e-01 9.804999828338623047e-01 9.804999828338623047e-01 9.804999828338623047e-01 9.804999828338623047e-01 9.805999994277954102e-01 9.807000160217285156e-01 9.804999828338623047e-01 9.804999828338623047e-01 9.797000288963317871e-01 9.803000092506408691e-01 9.792000055313110352e-01 9.793999791145324707e-01 9.776999950408935547e-01 9.764000177383422852e-01 9.749000072479248047e-01 9.742000102996826172e-01 9.710999727249145508e-01 9.696999788284301758e-01 9.654999971389770508e-01
9.794999957084655762e-01 9.794999957084655762e-01 9.794999957084655762e-01 9.793999791145324707e-01 9.793999791145324707e-01 9.789000153541564941e-01 9.789000153541564941e-01 9.782999753952026367e-01 9.779000282287597656e-01 9.775999784469604492e-01 9.771000146865844727e-01 9.764999747276306152e-01 9.750999808311462402e-01 9.742000102996826172e-01 9.724000096321105957e-01 9.692999720573425293e-01 9.664999842643737793e-01 9.664000272750854492e-01 9.589999914169311523e-01 9.539999961853027344e-01
9.783999919891357422e-01 9.783999919891357422e-01 9.783999919891357422e-01 9.785000085830688477e-01 9.783999919891357422e-01 9.782000184059143066e-01 9.779000282287597656e-01 9.776999950408935547e-01 9.783999919891357422e-01 9.776999950408935547e-01 9.761000275611877441e-01 9.761000275611877441e-01 9.758999943733215332e-01 9.736999869346618652e-01 9.731000065803527832e-01 9.714999794960021973e-01 9.678000211715698242e-01 9.653999805450439453e-01 9.606999754905700684e-01 9.571999907493591309e-01
9.756000041961669922e-01 9.756000041961669922e-01 9.756000041961669922e-01 9.756000041961669922e-01 9.756000041961669922e-01 9.754999876022338867e-01 9.753000140190124512e-01 9.746999740600585938e-01 9.747999906539916992e-01 9.739999771118164062e-01 9.749000072479248047e-01 9.735999703407287598e-01 9.735000133514404297e-01 9.728000164031982422e-01 9.718000292778015137e-01 9.699000120162963867e-01 9.684000015258789062e-01 9.670000076293945312e-01 9.635000228881835938e-01 9.592999815940856934e-01
9.781000018119812012e-01 9.781000018119812012e-01 9.781000018119812012e-01 9.781000018119812012e-01 9.779999852180480957e-01 9.782999753952026367e-01 9.783999919891357422e-01 9.765999913215637207e-01 9.779999852180480957e-01 9.778000116348266602e-01 9.779000282287597656e-01 9.772999882698059082e-01 9.757000207901000977e-01 9.760000109672546387e-01 9.756000041961669922e-01 9.746000170707702637e-01 9.733999967575073242e-01 9.713000059127807617e-01 9.679999947547912598e-01 9.657999873161315918e-01
9.790999889373779297e-01 9.790999889373779297e-01 9.790999889373779297e-01 9.790999889373779297e-01 9.792000055313110352e-01 9.789000153541564941e-01 9.786000251770019531e-01 9.781000018119812012e-01 9.787999987602233887e-01 9.771000146865844727e-01 9.764999747276306152e-01 9.758999943733215332e-01 9.756000041961669922e-01 9.735000133514404297e-01 9.724000096321105957e-01 9.685999751091003418e-01 9.664999842643737793e-01 9.624999761581420898e-01 9.571999907493591309e-01 9.509999752044677734e-01
9.761000275611877441e-01 9.761000275611877441e-01 9.761000275611877441e-01 9.761000275611877441e-01 9.761000275611877441e-01 9.760000109672546387e-01 9.758999943733215332e-01 9.753000140190124512e-01 9.754999876022338867e-01 9.753000140190124512e-01 9.742000102996826172e-01 9.750999808311462402e-01 9.728000164031982422e-01 9.725000262260437012e-01 9.725999832153320312e-01 9.714000225067138672e-01 9.707999825477600098e-01 9.685000181198120117e-01 9.652000069618225098e-01 9.631999731063842773e-01
9.771000146865844727e-01 9.771000146865844727e-01 9.771000146865844727e-01 9.771000146865844727e-01 9.768999814987182617e-01 9.768999814987182617e-01 9.769999980926513672e-01 9.767000079154968262e-01 9.765999913215637207e-01 9.761999845504760742e-01 9.753000140190124512e-01 9.746000170707702637e-01 9.743000268936157227e-01 9.724000096321105957e-01 9.721999764442443848e-01 9.707999825477600098e-01 9.696999788284301758e-01 9.682000279426574707e-01 9.649999737739562988e-01 9.582999944686889648e-01
9.775000214576721191e-01 9.775000214576721191e-01 9.775000214576721191e-01 9.775000214576721191e-01 9.775000214576721191e-01 9.772999882698059082e-01 9.775000214576721191e-01 9.779999852180480957e-01 9.778000116348266602e-01 9.768000245094299316e-01 9.763000011444091797e-01 9.757000207901000977e-01 9.750999808311462402e-01 9.751999974250793457e-01 9.735000133514404297e-01 9.718000292778015137e-01 9.721000194549560547e-01 9.686999917030334473e-01 9.653000235557556152e-01 9.639000296592712402e-01
9.776999950408935547e-01 9.776999950408935547e-01 9.776999950408935547e-01 9.776999950408935547e-01 9.775999784469604492e-01 9.775999784469604492e-01 9.778000116348266602e-01 9.779000282287597656e-01 9.775999784469604492e-01 9.774000048637390137e-01 9.786000251770019531e-01 9.778000116348266602e-01 9.771999716758728027e-01 9.768999814987182617e-01 9.757000207901000977e-01 9.750000238418579102e-01 9.743000268936157227e-01 9.731000065803527832e-01 9.718999862670898438e-01 9.695000052452087402e-01
9.751999974250793457e-01 9.751999974250793457e-01 9.751999974250793457e-01 9.751999974250793457e-01 9.753000140190124512e-01 9.750000238418579102e-01 9.751999974250793457e-01 9.749000072479248047e-01 9.753000140190124512e-01 9.745000004768371582e-01 9.754999876022338867e-01 9.750000238418579102e-01 9.743000268936157227e-01 9.739999771118164062e-01 9.740999937057495117e-01 9.731000065803527832e-01 9.735999703407287598e-01 9.729999899864196777e-01 9.724000096321105957e-01 9.702000021934509277e-01
9.769999980926513672e-01 9.769999980926513672e-01 9.769999980926513672e-01 9.769999980926513672e-01 9.771000146865844727e-01 9.771000146865844727e-01 9.769999980926513672e-01 9.765999913215637207e-01 9.774000048637390137e-01 9.769999980926513672e-01 9.761999845504760742e-01 9.761999845504760742e-01 9.753999710083007812e-01 9.753999710083007812e-01 9.745000004768371582e-01 9.745000004768371582e-01 9.731000065803527832e-01 9.722999930381774902e-01 9.713000059127807617e-01 9.685999751091003418e-01
9.782999753952026367e-01 9.782999753952026367e-01 9.782999753952026367e-01 9.783999919891357422e-01 9.782999753952026367e-01 9.783999919891357422e-01 9.785000085830688477e-01 9.785000085830688477e-01 9.782999753952026367e-01 9.782000184059143066e-01 9.782000184059143066e-01 9.779000282287597656e-01 9.769999980926513672e-01 9.771000146865844727e-01 9.757000207901000977e-01 9.735999703407287598e-01 9.726999998092651367e-01 9.718999862670898438e-01 9.696000218391418457e-01 9.661999940872192383e-01
9.743999838829040527e-01 9.743999838829040527e-01 9.743999838829040527e-01 9.743999838829040527e-01 9.743999838829040527e-01 9.743999838829040527e-01 9.745000004768371582e-01 9.747999906539916992e-01 9.746000170707702637e-01 9.754999876022338867e-01 9.749000072479248047e-01 9.747999906539916992e-01 9.743999838829040527e-01 9.746999740600585938e-01 9.739000201225280762e-01 9.725999832153320312e-01 9.731000065803527832e-01 9.710000157356262207e-01 9.704999923706054688e-01 9.711999893188476562e-01
9.768000245094299316e-01 9.768000245094299316e-01 9.768000245094299316e-01 9.768000245094299316e-01 9.768999814987182617e-01 9.768000245094299316e-01 9.764999747276306152e-01 9.764999747276306152e-01 9.767000079154968262e-01 9.769999980926513672e-01 9.763000011444091797e-01 9.758999943733215332e-01 9.761999845504760742e-01 9.758999943733215332e-01 9.746999740600585938e-01 9.743000268936157227e-01 9.732000231742858887e-01 9.731000065803527832e-01 9.722999930381774902e-01 9.714000225067138672e-01
9.753000140190124512e-01 9.753000140190124512e-01 9.753000140190124512e-01 9.753000140190124512e-01 9.750999808311462402e-01 9.756000041961669922e-01 9.754999876022338867e-01 9.756000041961669922e-01 9.753000140190124512e-01 9.746000170707702637e-01 9.751999974250793457e-01 9.750999808311462402e-01 9.749000072479248047e-01 9.743999838829040527e-01 9.749000072479248047e-01 9.735000133514404297e-01 9.739000201225280762e-01 9.728999733924865723e-01 9.728999733924865723e-01 9.714000225067138672e-01
9.778000116348266602e-01 9.778000116348266602e-01 9.778000116348266602e-01 9.778000116348266602e-01 9.779000282287597656e-01 9.776999950408935547e-01 9.774000048637390137e-01 9.775999784469604492e-01 9.772999882698059082e-01 9.778000116348266602e-01 9.772999882698059082e-01 9.767000079154968262e-01 9.768000245094299316e-01 9.757999777793884277e-01 9.761000275611877441e-01 9.763000011444091797e-01 9.740999937057495117e-01 9.745000004768371582e-01 9.735999703407287598e-01 9.725000262260437012e-01
9.714000225067138672e-01 9.714000225067138672e-01 9.714000225067138672e-01 9.714000225067138672e-01 9.714000225067138672e-01 9.708999991416931152e-01 9.710999727249145508e-01 9.711999893188476562e-01 9.706000089645385742e-01 9.707000255584716797e-01 9.699000120162963867e-01 9.700999855995178223e-01 9.706000089645385742e-01 9.692999720573425293e-01 9.696999788284301758e-01 9.700000286102294922e-01 9.703000187873840332e-01 9.693999886512756348e-01 9.684000015258789062e-01 9.681000113487243652e-01
9.684000015258789062e-01 9.684000015258789062e-01 9.684000015258789062e-01 9.684000015258789062e-01 9.682999849319458008e-01 9.685000181198120117e-01 9.689999818801879883e-01 9.679999947547912598e-01 9.677000045776367188e-01 9.685000181198120117e-01 9.685999751091003418e-01 9.674000144004821777e-01 9.677000045776367188e-01 9.679999947547912598e-01 9.677000045776367188e-01 9.675999879837036133e-01 9.672999978065490723e-01 9.661999940872192383e-01 9.660999774932861328e-01 9.654999971389770508e-01
